,content,time,author
0,Hi <@!853203316582383646>,2021-06-12 09:28:42.992,Nanachi Yevhenii
1,"```nim
The queue is empty ;-;```",2021-06-11 15:06:12.980,Groovy
2,,2021-06-11 15:05:53.282,Groovy
3,,2021-06-11 15:05:22.761,Groovy
4,,2021-06-11 14:38:57.883,Groovy
5,,2021-06-11 14:38:29.655,Groovy
6,"```
Atlanta's permissions in общее

CREATE_INSTANT_INVITE ✅
KICK_MEMBERS ✅
BAN_MEMBERS ✅
ADMINISTRATOR ✅
MANAGE_CHANNELS ✅
MANAGE_GUILD ✅
ADD_REACTIONS ✅
VIEW_AUDIT_LOG ✅
PRIORITY_SPEAKER ✅
STREAM ✅
VIEW_CHANNEL ✅
SEND_MESSAGES ✅
SEND_TTS_MESSAGES ✅
MANAGE_MESSAGES ✅
EMBED_LINKS ✅
ATTACH_FILES ✅
READ_MESSAGE_HISTORY ✅
MENTION_EVERYONE ✅
USE_EXTERNAL_EMOJIS ✅
VIEW_GUILD_INSIGHTS ✅
CONNECT ✅
SPEAK ✅
MUTE_MEMBERS ✅
DEAFEN_MEMBERS ✅
MOVE_MEMBERS ✅
USE_VAD ✅
CHANGE_NICKNAME ✅
MANAGE_NICKNAMES ✅
MANAGE_ROLES ✅
MANAGE_WEBHOOKS ✅
MANAGE_EMOJIS ✅
USE_APPLICATION_COMMANDS ✅
REQUEST_TO_SPEAK ✅

33 ✅ | 0 ❌
```",2021-06-11 14:37:52.672,Atlanta
7,*permissions <@!557445719892688897>,2021-06-11 14:37:50.678,Nanachi Yevhenii
8,"```
techyChung's permissions in общее

CREATE_INSTANT_INVITE ✅
KICK_MEMBERS ❌
BAN_MEMBERS ❌
ADMINISTRATOR ❌
MANAGE_CHANNELS ❌
MANAGE_GUILD ❌
ADD_REACTIONS ✅
VIEW_AUDIT_LOG ❌
PRIORITY_SPEAKER ❌
STREAM ✅
VIEW_CHANNEL ✅
SEND_MESSAGES ✅
SEND_TTS_MESSAGES ❌
MANAGE_MESSAGES ❌
EMBED_LINKS ✅
ATTACH_FILES ✅
READ_MESSAGE_HISTORY ✅
MENTION_EVERYONE ✅
USE_EXTERNAL_EMOJIS ✅
VIEW_GUILD_INSIGHTS ❌
CONNECT ✅
SPEAK ✅
MUTE_MEMBERS ❌
DEAFEN_MEMBERS ❌
MOVE_MEMBERS ❌
USE_VAD ✅
CHANGE_NICKNAME ✅
MANAGE_NICKNAMES ❌
MANAGE_ROLES ❌
MANAGE_WEBHOOKS ❌
MANAGE_EMOJIS ❌
USE_APPLICATION_COMMANDS ✅
REQUEST_TO_SPEAK ✅

16 ✅ | 17 ❌
```",2021-06-11 14:37:34.262,Atlanta
9,*permissions <@!751368229158649886>,2021-06-11 14:37:34.154,Nanachi Yevhenii
10,fuck you I'm already in voice channel,2021-06-11 14:35:34.104,Nanachi Yevhenii
11,<:atlanta_error:736144198318686278> | You must be connected to a voice channel!,2021-06-11 14:35:18.560,Atlanta
12,*play anime,2021-06-11 14:35:18.196,Nanachi Yevhenii
13,i only see russian everywhere in this planet🥲,2021-06-11 14:35:03.134,techyChung
14,There is music but it doesn't work,2021-06-11 14:34:44.710,Nanachi Yevhenii
15,😂,2021-06-11 14:34:43.807,techyChung
16,Img this is so powerful bot,2021-06-11 14:34:34.548,Nanachi Yevhenii
17,"Done, that was all commands",2021-06-11 14:34:28.484,Nanachi Yevhenii
18,😂,2021-06-11 14:34:20.323,techyChung
19,,2021-06-11 14:33:47.402,Atlanta
20,*youtube-comment <@!751368229158649886> Marry me?,2021-06-11 14:33:46.458,Nanachi Yevhenii
21,,2021-06-11 14:33:28.340,Atlanta
22,*wasted <@!751368229158649886>,2021-06-11 14:33:24.071,Nanachi Yevhenii
23,,2021-06-11 14:33:16.635,Atlanta
24,*wanted <@!751368229158649886>,2021-06-11 14:33:14.724,Nanachi Yevhenii
25,i know and i'm loving this😂,2021-06-11 14:32:52.556,techyChung
26,<a:atlanta_loading:743090350490648727> | Please wait a few seconds...,2021-06-11 14:32:52.275,Atlanta
27,*tweet <@!751368229158649886> I'm 17,2021-06-11 14:32:52.096,Nanachi Yevhenii
28,I have to know all functional before use something,2021-06-11 14:32:31.396,Nanachi Yevhenii
29,lol,2021-06-11 14:32:26.911,techyChung
30,😂 enjoy with Atlanta,2021-06-11 14:32:23.677,techyChung
31,I'm testing commends,2021-06-11 14:32:19.979,Nanachi Yevhenii
32,u seem to have fun with <@!557445719892688897>,2021-06-11 14:32:06.770,techyChung
33,😂,2021-06-11 14:31:52.747,techyChung
34,ideally,2021-06-11 14:31:52.715,Nanachi Yevhenii
35,,2021-06-11 14:31:44.936,Atlanta
36,*triggered <@!588858125126336544>,2021-06-11 14:31:41.468,Nanachi Yevhenii
37,,2021-06-11 14:31:33.388,Atlanta
38,*triggered <@!751368229158649886>,2021-06-11 14:31:30.164,Nanachi Yevhenii
39,you are so lucky 😂,2021-06-11 14:31:21.870,Nanachi Yevhenii
40,,2021-06-11 14:31:02.494,Atlanta
41,😂,2021-06-11 14:31:01.684,techyChung
42,*trash <@!751368229158649886>,2021-06-11 14:31:01.069,Nanachi Yevhenii
43,jezz saved me,2021-06-11 14:30:58.679,techyChung
44,thank god i have rocket in profile,2021-06-11 14:30:51.505,techyChung
45,,2021-06-11 14:30:47.960,Atlanta
46,*tobecontinued <@!751368229158649886>,2021-06-11 14:30:43.032,Nanachi Yevhenii
47,,2021-06-11 14:30:30.638,Atlanta
48,*scary <@!751368229158649886>,2021-06-11 14:30:28.781,Nanachi Yevhenii
49,,2021-06-11 14:30:18.696,Atlanta
50,*rip <@!751368229158649886>,2021-06-11 14:30:16.844,Nanachi Yevhenii
51,"It works, cool",2021-06-11 14:30:09.161,Nanachi Yevhenii
52,🧐,2021-06-11 14:30:04.929,techyChung
53,Here's your QRCode!,2021-06-11 14:29:35.476,Atlanta
54,*qrcode Marry me,2021-06-11 14:29:35.314,Nanachi Yevhenii
55,🤣 🤣,2021-06-11 14:29:21.432,techyChung
56,i dont belive this,2021-06-11 14:29:12.585,techyChung
57,🤣,2021-06-11 14:29:07.154,techyChung
58,fuck,2021-06-11 14:29:02.020,techyChung
59,😂,2021-06-11 14:29:00.506,techyChung
60,🤣 🤣 🤣 🤣 🤣,2021-06-11 14:28:59.405,Nanachi Yevhenii
61,,2021-06-11 14:28:42.355,Atlanta
62,*phcomment <@!751368229158649886> I'm 17,2021-06-11 14:28:41.130,Nanachi Yevhenii
63,,2021-06-11 14:28:17.954,Atlanta
64,im happy,2021-06-11 14:28:16.829,techyChung
65,*mission <@!588858125126336544>,2021-06-11 14:28:15.714,Nanachi Yevhenii
66,no atlanta,2021-06-11 14:28:14.166,techyChung
67,hahaha,2021-06-11 14:28:05.948,techyChung
68,😟,2021-06-11 14:27:59.300,techyChung
69,,2021-06-11 14:27:55.871,Atlanta
70,*love <@&852903857352343563>  <@!588858125126336544>,2021-06-11 14:27:41.830,Nanachi Yevhenii
71,love <@!557445719892688897>  <@!588858125126336544>,2021-06-11 14:27:30.804,Nanachi Yevhenii
72,lol,2021-06-11 14:27:07.785,techyChung
73,i swear i atlanta will come,2021-06-11 14:27:01.883,techyChung
74,,2021-06-11 14:26:50.691,Atlanta
75,*love <@!588858125126336544> <@!751368229158649886>,2021-06-11 14:26:46.550,Nanachi Yevhenii
76,*kiss someone,2021-06-11 14:26:35.394,Nanachi Yevhenii
77,*kiss,2021-06-11 14:26:17.996,Nanachi Yevhenii
78,😳,2021-06-11 14:26:16.765,techyChung
79,,2021-06-11 14:26:09.557,Atlanta
80,*jail <@!751368229158649886>,2021-06-11 14:26:07.128,Nanachi Yevhenii
81,😳,2021-06-11 14:25:58.782,techyChung
82,,2021-06-11 14:25:48.898,Atlanta
83,*fire <@!751368229158649886>,2021-06-11 14:25:43.236,Nanachi Yevhenii
84,,2021-06-11 14:25:29.033,Atlanta
85,*facepalm <@!588858125126336544>,2021-06-11 14:25:27.875,Nanachi Yevhenii
86,,2021-06-11 14:25:16.290,Atlanta
87,*dictator <@!588858125126336544>,2021-06-11 14:25:15.059,Nanachi Yevhenii
88,😂,2021-06-11 14:25:12.242,techyChung
89,,2021-06-11 14:24:56.368,Atlanta
90,*dictator <@!751368229158649886>,2021-06-11 14:24:54.850,Nanachi Yevhenii
91,,2021-06-11 14:24:40.551,Atlanta
92,*clyde this is war,2021-06-11 14:24:39.735,Nanachi Yevhenii
93,hahaha,2021-06-11 14:24:36.002,techyChung
94,oh really! this is war,2021-06-11 14:24:26.008,Nanachi Yevhenii
95,,2021-06-11 14:24:07.856,Atlanta
96,*challenger <@!751368229158649886>,2021-06-11 14:24:05.660,Nanachi Yevhenii
97,,2021-06-11 14:23:50.880,Atlanta
98,*captcha <@!751368229158649886>,2021-06-11 14:23:48.014,Nanachi Yevhenii
99,,2021-06-11 14:23:37.814,Atlanta
100,*burn <@!751368229158649886>,2021-06-11 14:23:36.676,Nanachi Yevhenii
101,,2021-06-11 14:23:16.269,Atlanta
102,*brazzers <@!751368229158649886>,2021-06-11 14:23:14.206,Nanachi Yevhenii
103,that is better,2021-06-11 14:22:57.158,Nanachi Yevhenii
104,,2021-06-11 14:22:50.609,Atlanta
105,*bed <@!588858125126336544> <@!751368229158649886>,2021-06-11 14:22:49.356,Nanachi Yevhenii
106,lol,2021-06-11 14:22:47.020,techyChung
107,hey,2021-06-11 14:22:40.553,Nanachi Yevhenii
108,,2021-06-11 14:22:25.581,Atlanta
109,*bed <@!751368229158649886> <@!588858125126336544>,2021-06-11 14:22:23.877,Nanachi Yevhenii
110,😂,2021-06-11 14:22:12.937,techyChung
111,,2021-06-11 14:22:07.724,Atlanta
112,*beautiful <@!751368229158649886>,2021-06-11 14:22:06.488,Nanachi Yevhenii
113,,2021-06-11 14:21:58.830,Atlanta
114,*beautiful <@!588858125126336544>,2021-06-11 14:21:57.716,Nanachi Yevhenii
115,it is!!!! i know right,2021-06-11 14:21:54.081,techyChung
116,😂,2021-06-11 14:21:42.903,techyChung
117,omg so cute,2021-06-11 14:21:40.334,Nanachi Yevhenii
118,,2021-06-11 14:21:30.597,Atlanta
119,*beautiful <@!751368229158649886>,2021-06-11 14:21:29.567,Nanachi Yevhenii
120,https://tenor.com/view/clap-applause-gif-7388124,2021-06-11 14:21:12.051,Nanachi Yevhenii
121,😂,2021-06-11 14:21:04.652,techyChung
122,,2021-06-11 14:20:55.299,Atlanta
123,*batslap <@!588858125126336544> <@!751368229158649886>,2021-06-11 14:20:53.580,Nanachi Yevhenii
124,,2021-06-11 14:20:35.488,Atlanta
125,*approved <@!751368229158649886>,2021-06-11 14:20:33.994,Nanachi Yevhenii
126,i love atlanta😂,2021-06-11 14:20:23.232,techyChung
127,"i don't know about yev, but i will surely marry this bot😂",2021-06-11 14:19:55.559,techyChung
128,<:atlanta_success:736144092123234354> | SUCCESS,2021-06-11 14:19:38.554,Atlanta
129,*divorce,2021-06-11 14:19:37.361,Nanachi Yevhenii
130,this bot! is insane!!!!,2021-06-11 14:19:34.108,techyChung
131,🤣,2021-06-11 14:19:24.285,techyChung
132,<@751368229158649886> :heart: <@588858125126336544>,2021-06-11 14:19:17.417,Atlanta
133,<:atlanta_success:736144092123234354> | 🎉 Congratulations! **<@588858125126336544>** and **<@751368229158649886>** you are now married!,2021-06-11 14:19:17.149,Atlanta
134,yes,2021-06-11 14:19:16.903,techyChung
135,"<@751368229158649886>, do you agree to marry <@588858125126336544>? Answer with ""yes"" or ""no""!",2021-06-11 14:19:05.024,Atlanta
136,*marry <@!751368229158649886>,2021-06-11 14:19:04.888,Nanachi Yevhenii
137,```yes```,2021-06-11 14:18:55.683,Atlanta
138,<:atlanta_success:736144092123234354> | Here's my choice:,2021-06-11 14:18:53.975,Atlanta
139,*choice yes/no,2021-06-11 14:18:53.797,Nanachi Yevhenii
140,"<:atlanta_error:736144198318686278> | You must enter more than two choices!
(or use the `flip` command instead)",2021-06-11 14:18:43.699,Atlanta
141,oh bot don't react! smart bot,2021-06-11 14:18:41.100,techyChung
142,*choice yes no maybe,2021-06-11 14:18:39.985,Nanachi Yevhenii
143,🎲 | Heads!,2021-06-11 14:18:32.511,Atlanta
144,*flip,2021-06-11 14:18:32.333,Nanachi Yevhenii
145,<:atlanta_error:736144198318686278> | <@588858125126336544> did not answer... Wait until he/she is logged in and try again!,2021-06-11 14:18:28.966,Atlanta
146,"<:atlanta_error:736144198318686278> | You must enter more than two choices!
(or use the `flip` command instead)",2021-06-11 14:18:20.308,Atlanta
147,"<:atlanta_error:736144198318686278> | You must send ""yes"" or ""no""!",2021-06-11 14:18:20.100,Atlanta
148,*choice yes no,2021-06-11 14:18:17.496,Nanachi Yevhenii
149,no,2021-06-11 14:18:06.571,techyChung
150,bot is behind u to answer yes or no🤣,2021-06-11 14:17:46.707,techyChung
151,,2021-06-11 14:17:28.733,Atlanta
152,"<:atlanta_error:736144198318686278> | You must send ""yes"" or ""no""!",2021-06-11 14:17:28.546,Atlanta
153,*translate english Учим руский вместе с ботом,2021-06-11 14:17:28.358,Nanachi Yevhenii
154,,2021-06-11 14:16:50.518,Atlanta
155,"<:atlanta_error:736144198318686278> | You must send ""yes"" or ""no""!",2021-06-11 14:16:50.301,Atlanta
156,*translate english привет,2021-06-11 14:16:49.997,Nanachi Yevhenii
157,wow,2021-06-11 14:16:38.187,techyChung
158,,2021-06-11 14:16:30.363,Atlanta
159,"<:atlanta_error:736144198318686278> | You must send ""yes"" or ""no""!",2021-06-11 14:16:30.112,Atlanta
160,*translate russian привет,2021-06-11 14:16:29.917,Nanachi Yevhenii
161,"<@588858125126336544>, do you agree to marry <@751368229158649886>? Answer with ""yes"" or ""no""!",2021-06-11 14:16:28.860,Atlanta
162,*marry <@!588858125126336544>,2021-06-11 14:16:28.673,techyChung
163,lol,2021-06-11 14:16:16.291,techyChung
164,Now we have a poligamy relationships,2021-06-11 14:16:03.313,Nanachi Yevhenii
165,😂,2021-06-11 14:15:59.794,techyChung
166,bot wants me to marry myself i see,2021-06-11 14:15:55.258,techyChung
167,,2021-06-11 14:15:43.177,Atlanta
168,*someone,2021-06-11 14:15:42.899,techyChung
169,<:atlanta_error:736144198318686278> | You must mention a valid member!,2021-06-11 14:15:40.433,Atlanta
170,*marry,2021-06-11 14:15:35.600,techyChung
171,hahaha i see,2021-06-11 14:15:30.285,techyChung
172,atlanta is making me jealous!!!! higher compatibilty % and then this!!???,2021-06-11 14:15:19.985,techyChung
173,All hidden pieces of code,2021-06-11 14:15:17.656,Nanachi Yevhenii
174,I've seen its internal implementation,2021-06-11 14:15:07.739,Nanachi Yevhenii
175,😂,2021-06-11 14:14:46.324,techyChung
176,why is the fuck atlanta so close to u!!???,2021-06-11 14:14:40.815,techyChung
177,omg!!!!!,2021-06-11 14:14:30.957,techyChung
178,,2021-06-11 14:14:25.111,Atlanta
179,*someone,2021-06-11 14:14:20.827,Nanachi Yevhenii
180,<:atlanta_error:736144198318686278> | You must mention a valid member!,2021-06-11 14:14:04.262,Atlanta
181,*marry *someone,2021-06-11 14:14:03.921,Nanachi Yevhenii
182,😂,2021-06-11 14:13:56.311,Nanachi Yevhenii
183,i loved it,2021-06-11 14:13:50.240,techyChung
184,lol this bot is DOPE,2021-06-11 14:13:47.787,techyChung
185,"techyChung, ask again later.",2021-06-11 14:13:40.043,Atlanta
186,*8ball will <@!588858125126336544> marry me if i try again?,2021-06-11 14:13:37.074,techyChung
187,😂,2021-06-11 14:13:17.556,techyChung
188,wow,2021-06-11 14:13:14.312,techyChung
189,You will never lose yourself,2021-06-11 14:13:06.871,Nanachi Yevhenii
190,"It's safe, she is right",2021-06-11 14:12:55.774,Nanachi Yevhenii
191,will i marry myself?,2021-06-11 14:12:42.793,techyChung
192,🤣,2021-06-11 14:12:37.926,techyChung
193,"techyChung, it's definitely safe.",2021-06-11 14:12:27.171,Atlanta
194,*8ball will <@!751368229158649886> marry me?,2021-06-11 14:12:26.888,techyChung
195,<:atlanta_success:736144092123234354> | Suggestions will be sent in **<#842453680531177497>**!,2021-06-11 14:12:14.349,Atlanta
196,*setsuggests,2021-06-11 14:12:14.137,Nanachi Yevhenii
197,,2021-06-11 14:11:41.687,Atlanta
198,*configuration,2021-06-11 14:11:41.425,Nanachi Yevhenii
199,🤣,2021-06-11 14:11:15.335,techyChung
200,"techyChung, better not tell you now.",2021-06-11 14:11:05.231,Atlanta
201,*8ball will <@!557445719892688897> marry me?,2021-06-11 14:11:05.085,techyChung
202,"Nanachi Yevhenii, I don't think.",2021-06-11 14:11:00.206,Atlanta
203,*8ball will <@!557445719892688897> marry me?,2021-06-11 14:10:54.971,Nanachi Yevhenii
204,😂,2021-06-11 14:10:46.272,techyChung
205,"techyChung, I don't think.",2021-06-11 14:10:40.041,Atlanta
206,*8ball will <@!588858125126336544> marry me?,2021-06-11 14:10:39.357,techyChung
207,wise answer,2021-06-11 14:10:31.732,Nanachi Yevhenii
208,wow,2021-06-11 14:10:22.129,techyChung
209,"techyChung, ask again later.",2021-06-11 14:10:14.841,Atlanta
210,*8ball will <@!588858125126336544> marry me?,2021-06-11 14:10:14.643,techyChung
211,<:atlanta_error:736144198318686278> | You must enter a question!,2021-06-11 14:10:14.493,Atlanta
212,*8ball,2021-06-11 14:10:14.392,Nanachi Yevhenii
213,<:atlanta_error:736144198318686278> | You must enter a question!,2021-06-11 14:10:03.543,Atlanta
214,*8ball Will <@!751368229158649886>  marry <@!557445719892688897>,2021-06-11 14:10:03.352,Nanachi Yevhenii
215,<:atlanta_error:736144198318686278> | You must enter a question!,2021-06-11 14:09:42.671,Atlanta
216,*8ball will <@!588858125126336544> marry me if i try again,2021-06-11 14:09:42.465,techyChung
217,<:atlanta_error:736144198318686278> | You must enter a question!,2021-06-11 14:09:25.988,Atlanta
218,*8ball will <@!588858125126336544> marry me if i try again,2021-06-11 14:09:25.809,techyChung
219,,2021-06-11 14:09:04.328,Atlanta
220,*achievements,2021-06-11 14:09:04.137,Nanachi Yevhenii
221,,2021-06-11 14:08:27.845,Atlanta
222,*lovecalc <@!588858125126336544> <@!557445719892688897>,2021-06-11 14:08:27.549,Nanachi Yevhenii
223,https://tenor.com/view/the-office-michael-scott-i-will-kill-you-kill-kill-you-gif-16432800,2021-06-11 14:08:12.932,techyChung
224,<:atlanta_error:736144198318686278> | You must mention two members!,2021-06-11 14:08:09.898,Atlanta
225,*lovecalc <@!588858125126336544> <@&852903857352343563>,2021-06-11 14:08:09.538,Nanachi Yevhenii
226,https://tenor.com/view/tom-and-jerry-tom-the-cat-shock-scared-gif-15003103,2021-06-11 14:08:03.137,techyChung
227,😮,2021-06-11 14:07:55.738,techyChung
228,"omg 56%, you are great couple",2021-06-11 14:07:49.446,Nanachi Yevhenii
229,I'll rather merry this bot than me 🤣,2021-06-11 14:07:35.299,Nanachi Yevhenii
230,😳,2021-06-11 14:07:33.702,techyChung
231,omg!!!!,2021-06-11 14:07:28.345,techyChung
232,,2021-06-11 14:07:20.814,Atlanta
233,*lovecalc <@!751368229158649886> <@!557445719892688897>,2021-06-11 14:07:20.502,Nanachi Yevhenii
234,"You see, we have only 26%",2021-06-11 14:07:12.454,Nanachi Yevhenii
235,,2021-06-11 14:06:59.858,Atlanta
236,*lovecalc <@!588858125126336544> <@!751368229158649886>,2021-06-11 14:06:55.943,Nanachi Yevhenii
237,"techyChung, outlook not so good.",2021-06-11 14:06:33.800,Atlanta
238,*8ball will <@!588858125126336544> marry me?,2021-06-11 14:06:33.622,techyChung
239,,2021-06-11 14:06:28.769,Atlanta
240,*lovecalc <@!588858125126336544> <@!751368229158649886>,2021-06-11 14:06:28.582,Nanachi Yevhenii
241,<:atlanta_error:736144198318686278> | You must mention two members!,2021-06-11 14:06:21.361,Atlanta
242,*lovecalc,2021-06-11 14:06:21.070,Nanachi Yevhenii
243,<:atlanta_error:736144198318686278> | You must enter a question!,2021-06-11 14:06:02.576,Atlanta
244,*8ball,2021-06-11 14:06:02.352,techyChung
245,he know everything,2021-06-11 14:05:57.458,Nanachi Yevhenii
246,"It's not just bot, it's an predictor",2021-06-11 14:05:53.446,Nanachi Yevhenii
247,really??😂 bot answers if i marry or not,2021-06-11 14:05:10.018,techyChung
248,http://lmgtfy.com/?q=frog,2021-06-11 14:04:09.714,Atlanta
249,,2021-06-11 14:03:46.450,Atlanta
250,*joke,2021-06-11 14:03:46.201,Nanachi Yevhenii
251,<:atlanta_error:736144198318686278> | You must wait **1** second(s) to be able to run this command again!,2021-06-11 14:03:44.569,Atlanta
252,*joke,2021-06-11 14:03:44.400,Nanachi Yevhenii
253,,2021-06-11 14:03:42.053,Atlanta
254,*joke,2021-06-11 14:03:41.808,Nanachi Yevhenii
255,,2021-06-11 14:03:38.267,Atlanta
256,*joke,2021-06-11 14:03:37.051,Nanachi Yevhenii
257,,2021-06-11 14:03:29.619,Atlanta
258,*joke,2021-06-11 14:03:29.375,Nanachi Yevhenii
259,,2021-06-11 14:03:20.133,Atlanta
260,*joke,2021-06-11 14:03:19.878,Nanachi Yevhenii
261,,2021-06-11 14:03:11.848,Atlanta
262,*joke,2021-06-11 14:03:11.124,Nanachi Yevhenii
263,,2021-06-11 14:02:51.867,Atlanta
264,*fml,2021-06-11 14:02:49.156,Nanachi Yevhenii
265,,2021-06-11 14:02:40.093,Atlanta
266,*fml,2021-06-11 14:02:39.798,Nanachi Yevhenii
267,,2021-06-11 14:02:10.993,Atlanta
268,*fml,2021-06-11 14:02:10.621,Nanachi Yevhenii
269,🎲 | Tails!,2021-06-11 14:02:03.044,Atlanta
270,*flip,2021-06-11 14:02:02.882,Nanachi Yevhenii
271,"🎉 | Nanachi Yevhenii won the game!

**Stats:**
*-* __**Duration**__: 
*-* __**Participants**__:  (1)**Stats of the game: **
__**Duration**__: a minute
__**Number of participants**__ : 1
__**Participants**__ : 
<@588858125126336544>",2021-06-11 14:01:44.734,Atlanta
272,"<:atlanta_error:736144198318686278> | No words founds, no one wins!",2021-06-11 14:01:44.483,Atlanta
273,"20 seconds to find a word containing ""__**enf**__""!",2021-06-11 14:01:24.607,Atlanta
274,<:atlanta_success:736144092123234354> | Well done <@588858125126336544>! You were the fastest to enter a valid word!,2021-06-11 14:01:24.462,Atlanta
275,permanent,2021-06-11 14:01:19.747,Nanachi Yevhenii
276,"20 seconds to find a word containing ""__**per**__""!",2021-06-11 14:01:12.005,Atlanta
277,<:atlanta_success:736144092123234354> | Well done <@588858125126336544>! You were the fastest to enter a valid word!,2021-06-11 14:01:11.692,Atlanta
278,busy,2021-06-11 14:01:11.241,Nanachi Yevhenii
279,"20 seconds to find a word containing ""__**bus**__""!",2021-06-11 14:01:01.080,Atlanta
280,<:atlanta_success:736144092123234354> | Well done <@588858125126336544>! You were the fastest to enter a valid word!,2021-06-11 14:01:00.858,Atlanta
281,anthill,2021-06-11 14:01:00.331,Nanachi Yevhenii
282,<:atlanta_error:736144198318686278> | <@588858125126336544> | Your word is not valid!,2021-06-11 14:00:58.776,Atlanta
283,ahahah,2021-06-11 14:00:55.293,Nanachi Yevhenii
284,"20 seconds to find a word containing ""__**ant**__""!",2021-06-11 14:00:49.191,Atlanta
285,:timer: | The game starts in 10 seconds!,2021-06-11 14:00:39.192,Atlanta
286,*findwords,2021-06-11 14:00:36.727,Nanachi Yevhenii
287,"Nanachi Yevhenii, my sources say no.",2021-06-11 13:59:59.770,Atlanta
288,*8ball Will <@!751368229158649886> marry me if I try again?,2021-06-11 13:59:59.556,Nanachi Yevhenii
289,<:atlanta_error:736144198318686278> | You must enter a question!,2021-06-11 13:59:43.504,Atlanta
290,*8ball,2021-06-11 13:59:43.200,Nanachi Yevhenii
291,<:atlanta_error:736144198318686278> | You must be connected to a voice channel!,2021-06-11 13:59:01.002,Atlanta
292,*autoplay,2021-06-11 13:59:00.827,Nanachi Yevhenii
293,<:atlanta_error:736144198318686278> | You must be connected to a voice channel!,2021-06-11 13:58:25.967,Atlanta
294,*play димооооон,2021-06-11 13:58:25.741,Nanachi Yevhenii
295,<:atlanta_error:736144198318686278> | You must be connected to a voice channel!,2021-06-11 13:58:07.732,Atlanta
296,*play димооооон,2021-06-11 13:58:07.549,Nanachi Yevhenii
297,<:atlanta_error:736144198318686278> | You must be connected to a voice channel!,2021-06-11 13:57:58.844,Atlanta
298,*play димооооон,2021-06-11 13:57:58.634,Nanachi Yevhenii
299,,2021-06-11 13:57:24.333,Atlanta
300,@everyone,2021-06-11 13:56:38.731,Atlanta
301,<@!588858125126336544>,2021-06-11 13:56:25.434,Nanachi Yevhenii
302,,2021-06-11 13:55:45.881,Atlanta
303,*profile <@!588858125126336544>,2021-06-11 13:55:45.095,Nanachi Yevhenii
304,<:atlanta_success:736144092123234354> | **50** credit(s) withdrawn!,2021-06-11 13:55:38.225,Atlanta
305,*withdraw 50,2021-06-11 13:55:33.888,Nanachi Yevhenii
306,<:atlanta_success:736144092123234354> | **50** credits deposited in the bank!,2021-06-11 13:55:29.339,Atlanta
307,*deposit 50,2021-06-11 13:55:29.212,Nanachi Yevhenii
308,<:atlanta_error:736144198318686278> | You don't have any credit in your bank!,2021-06-11 13:55:18.409,Atlanta
309,*withdraw 50,2021-06-11 13:55:15.690,Nanachi Yevhenii
310,"```
.------------------------------------.
|            LEADERBOARD             |
|------------------------------------|
| #  |         User         | Points |
|----|----------------------|--------|
|  0 | !Zerio.js            |   1079 |
|  1 | R3dlessX             |    355 |
|  2 | Fanta                |    322 |
|  3 | • Skiz •             |    312 |
|  4 | R3dlessX²            |    276 |
|  5 | NawaKo               |    252 |
|  6 | Androz               |    212 |
|  7 | DIATRON              |    129 |
|  8 | NoisetteDeRrebeuDuCo |    127 |
|  9 | Marisa               |    117 |
| 10 | Chat Noir            |    104 |
| 11 | Alphaa               |     93 |
| 12 | Deleted User a6599f9 |     88 |
| 13 | Marty                |     74 |
| 14 | Flitt Locke          |     68 |
| 15 | Deleted User f16427a |     66 |
| 16 | Mizuki               |     56 |
| 17 | Artémis              |     55 |
| 18 | Deleted User b54bbcd |     52 |
| 19 | Agent 042 △          |     50 |
'------------------------------------'```",2021-06-11 13:55:01.046,Atlanta
311,*leaderboard rep,2021-06-11 13:54:51.285,Nanachi Yevhenii
312,"```
.------------------------------.
|         LEADERBOARD          |
|------------------------------|
| # |       User       | Level |
|---|------------------|-------|
| 0 | techyChung       |     0 |
| 1 | Nanachi Yevhenii |     0 |
'------------------------------'```",2021-06-11 13:54:44.039,Atlanta
313,*leaderboard level,2021-06-11 13:54:43.706,Nanachi Yevhenii
314,"<:atlanta_error:736144198318686278> | Please specify the leaderboard type between `credits`, `level` and `rep`",2021-06-11 13:54:38.538,Atlanta
315,*leaderboard levels,2021-06-11 13:54:33.829,Nanachi Yevhenii
316,"```
.--------------------------------.
|          LEADERBOARD           |
|--------------------------------|
| # |       User       | Credits |
|---|------------------|---------|
| 0 | Nanachi Yevhenii |     273 |
| 1 | techyChung       |     127 |
'--------------------------------'```",2021-06-11 13:54:24.608,Atlanta
317,*leaderboard credits,2021-06-11 13:54:24.317,Nanachi Yevhenii
318,<:atlanta_error:736144198318686278> | 🕵️ **techyChung#3840** is on guard.... Wait a while and try again!,2021-06-11 13:53:57.853,Atlanta
319,*rob <@!751368229158649886> 100,2021-06-11 13:53:57.737,Nanachi Yevhenii
320,lol🤣  here our hero is bankrupt to rob,2021-06-11 13:53:47.050,techyChung
321,*leaderbord credits,2021-06-11 13:53:46.873,Nanachi Yevhenii
322,🎉 | Congratulations! The police weren't fast enough to stop you from robbing **100** credits to **techyChung**!,2021-06-11 13:53:33.404,Atlanta
323,*rob <@!751368229158649886> 100,2021-06-11 13:53:30.125,Nanachi Yevhenii
324,😂,2021-06-11 13:53:24.022,techyChung
325,rob <@!751368229158649886> 100,2021-06-11 13:53:22.944,Nanachi Yevhenii
326,<:atlanta_error:736144198318686278> | You must have more than **300** credits to attempt this robbery (you have **173** credits for now)!,2021-06-11 13:53:13.480,Atlanta
327,*rob <@!751368229158649886> 200,2021-06-11 13:53:08.793,Nanachi Yevhenii
328,<:atlanta_error:736144198318686278> | Please enter a valid amount!,2021-06-11 13:52:57.260,Atlanta
329,*rob <@!751368229158649886>,2021-06-11 13:52:57.075,Nanachi Yevhenii
330,<:atlanta_success:736144092123234354> | You just gave a reputation point to techyChung!,2021-06-11 13:52:46.006,Atlanta
331,*rep <@!751368229158649886>,2021-06-11 13:52:45.776,Nanachi Yevhenii
332,<:atlanta_error:736144198318686278> | You have to wait 6 hours before working again!,2021-06-11 13:52:42.952,Atlanta
333,*work,2021-06-11 13:52:42.733,techyChung
334,,2021-06-11 13:52:36.742,Atlanta
335,,2021-06-11 13:52:36.488,Atlanta
336,*work,2021-06-11 13:52:36.191,techyChung
337,<:atlanta_error:736144198318686278> | You have to wait 6 hours before working again!,2021-06-11 13:52:25.386,Atlanta
338,*work,2021-06-11 13:52:25.288,Nanachi Yevhenii
339,but you have to work to have money honey,2021-06-11 13:52:04.607,Nanachi Yevhenii
340,I gave you 27 credits,2021-06-11 13:51:55.081,Nanachi Yevhenii
341,,2021-06-11 13:51:41.437,Atlanta
342,*profile <@!751368229158649886>,2021-06-11 13:51:40.749,Nanachi Yevhenii
343,why the hell I'm bankrupt and with 0 credits🤣,2021-06-11 13:51:31.550,techyChung
344,,2021-06-11 13:50:43.172,Atlanta
345,*profile <@!588858125126336544>,2021-06-11 13:50:42.426,Nanachi Yevhenii
346,"```
.--------------------------------.
|          LEADERBOARD           |
|--------------------------------|
| # |       User       | Credits |
|---|------------------|---------|
| 0 | Nanachi Yevhenii |     173 |
| 1 | techyChung       |       0 |
'--------------------------------'```",2021-06-11 13:50:15.730,Atlanta
347,*leaderboard credits,2021-06-11 13:50:15.515,Nanachi Yevhenii
348,u are crazy,2021-06-11 13:50:03.420,techyChung
349,😂,2021-06-11 13:50:01.009,techyChung
350,lol,2021-06-11 13:49:58.090,techyChung
351,hahaha,2021-06-11 13:49:57.085,techyChung
352,"too late, you have lost your chance",2021-06-11 13:49:52.003,Nanachi Yevhenii
353,<:atlanta_success:736144092123234354> | You just paid **27** to **techyChung#3840**!,2021-06-11 13:49:34.021,Atlanta
354,yes,2021-06-11 13:49:32.216,techyChung
355,*pay <@!751368229158649886>  27,2021-06-11 13:49:29.662,Nanachi Yevhenii
356,<:atlanta_error:736144198318686278> | <@751368229158649886> did not answer... Wait until he/she is logged in and try again!,2021-06-11 13:49:23.193,Atlanta
357,**Nanachi Yevhenii** used 1 credit(s) and lost everything.,2021-06-11 13:48:59.573,Atlanta
358,"[  :slot_machine: l SLOTS ]
------------------
🍐 : 🍓 : 🍇
🍉 : 🍉 : 🍎 **<**
🍎 : 🍇 : 🍌",2021-06-11 13:48:54.779,Atlanta
359,*slots,2021-06-11 13:48:54.583,Nanachi Yevhenii
360,**Nanachi Yevhenii** used 1 credit(s) and won 2 credit(s)!,2021-06-11 13:48:47.640,Atlanta
361,"[  :slot_machine: | **SLOTS** ]
------------------
🍇 : 🍐 : 🍇
🍎 : 🍎 : 🍒 **<**
🍐 : 🍓 : 🍌
------------------
| : : :  **VICTORY**  : : : |",2021-06-11 13:48:43.353,Atlanta
362,*slots,2021-06-11 13:48:43.120,Nanachi Yevhenii
363,<:atlanta_error:736144198318686278> | You have to wait 6 hours before working again!,2021-06-11 13:48:34.155,Atlanta
364,*work,2021-06-11 13:48:32.256,Nanachi Yevhenii
365,,2021-06-11 13:48:19.804,Atlanta
366,*work,2021-06-11 13:48:19.570,Nanachi Yevhenii
367,Perhaps we can use it for mentoring or somthing,2021-06-11 13:47:42.903,Nanachi Yevhenii
368,I wanna see what will happen,2021-06-11 13:47:33.035,Nanachi Yevhenii
369,"<@751368229158649886>, do you agree to marry <@588858125126336544>? Answer with ""yes"" or ""no""!",2021-06-11 13:47:23.185,Atlanta
370,*marry <@!751368229158649886>,2021-06-11 13:47:22.903,Nanachi Yevhenii
371,It's for the purpose of science,2021-06-11 13:47:16.558,Nanachi Yevhenii
372,I'm experimenting!,2021-06-11 13:47:11.324,Nanachi Yevhenii
373,😂,2021-06-11 13:46:55.471,techyChung
374,what are you doing Cutie Yev,2021-06-11 13:46:50.273,techyChung
375,<:atlanta_error:736144198318686278> | You need at least **1** credit(s).,2021-06-11 13:46:48.103,Atlanta
376,*slots,2021-06-11 13:46:47.854,Nanachi Yevhenii
377,😂,2021-06-11 13:46:41.553,techyChung
378,really?😂,2021-06-11 13:46:19.357,techyChung
379,<:atlanta_error:736144198318686278> | <@751368229158649886> did not answer... Wait until he/she is logged in and try again!,2021-06-11 13:46:18.909,Atlanta
380,"<:atlanta_error:736144198318686278> | Please specify the leaderboard type between `credits`, `level` and `rep`",2021-06-11 13:45:53.853,Atlanta
381,*leaderboard,2021-06-11 13:45:52.451,Nanachi Yevhenii
382,🤣,2021-06-11 13:44:52.513,Nanachi Yevhenii
383,ahahaha,2021-06-11 13:44:23.682,Nanachi Yevhenii
384,"<@751368229158649886>, do you agree to marry <@588858125126336544>? Answer with ""yes"" or ""no""!",2021-06-11 13:44:19.079,Atlanta
385,*marry <@!751368229158649886>,2021-06-11 13:44:18.794,Nanachi Yevhenii
386,,2021-06-11 13:43:49.568,Nanachi Yevhenii
387,This bot is so evercomplicated,2021-06-11 13:43:48.058,Nanachi Yevhenii
388,😂,2021-06-11 13:43:31.106,techyChung
389,<:atlanta_error:736144198318686278> | You can't afford **100**,2021-06-11 13:42:53.482,Atlanta
390,*pay <@!751368229158649886>  100,2021-06-11 13:42:48.324,Nanachi Yevhenii
391,,2021-06-11 13:42:01.801,techyChung
392,<:atlanta_error:736144198318686278> | You can't pay yourself!,2021-06-11 13:41:14.047,Atlanta
393,*pay <@!588858125126336544> 100,2021-06-11 13:41:13.742,Nanachi Yevhenii
394,<:atlanta_error:736144198318686278> | You must mention a valid member!,2021-06-11 13:41:00.336,Atlanta
395,*pay 100,2021-06-11 13:41:00.080,Nanachi Yevhenii
396,<:atlanta_error:736144198318686278> | You must wait **3** second(s) to be able to run this command again!,2021-06-11 13:40:54.411,Atlanta
397,*pay 100,2021-06-11 13:40:54.119,Nanachi Yevhenii
398,<:atlanta_error:736144198318686278> | You must mention a valid member!,2021-06-11 13:40:47.197,Atlanta
399,*pay,2021-06-11 13:40:46.969,Nanachi Yevhenii
400,<:atlanta_error:736144198318686278> | You have no credit to deposit in the bank!,2021-06-11 13:40:18.748,Atlanta
401,*deposit,2021-06-11 13:40:15.508,Nanachi Yevhenii
402,<:atlanta_error:736144198318686278> | You must be connected to a voice channel!,2021-06-11 13:39:02.150,Atlanta
403,*play димоон,2021-06-11 13:39:01.896,Nanachi Yevhenii
404,<:atlanta_error:736144198318686278> | You must be connected to a voice channel!,2021-06-11 13:38:44.676,Atlanta
405,*play димоон,2021-06-11 13:38:44.499,Nanachi Yevhenii
406,<:atlanta_error:736144198318686278> | You must be connected to a voice channel!,2021-06-11 13:38:36.530,Atlanta
407,*play димоон,2021-06-11 13:38:36.329,Nanachi Yevhenii
408,<:atlanta_error:736144198318686278> | Please specify a song name or a link!,2021-06-11 13:38:05.445,Atlanta
409,*play,2021-06-11 13:38:05.165,Nanachi Yevhenii
410,,2021-06-11 13:37:43.647,Atlanta
411,*money,2021-06-11 13:37:43.269,Nanachi Yevhenii
412,,2021-06-11 13:35:25.906,Atlanta
